12 0.040200 0.126500 0.079600 0.251000
12 0.977800 0.141500 0.044400 0.251000
12 0.949800 0.448500 0.086000 0.249000
12 0.939200 0.720500 0.101600 0.285000
12 0.829200 0.740500 0.089600 0.249000
12 0.844400 0.431000 0.091200 0.278000
12 0.888600 0.137000 0.088400 0.252000
12 0.744600 0.428500 0.094000 0.293000
12 0.781400 0.132000 0.110800 0.262000
12 0.715200 0.736500 0.088800 0.247000
12 0.610800 0.720000 0.101600 0.294000
12 0.648400 0.429500 0.102400 0.285000
12 0.669200 0.131500 0.111200 0.261000
12 0.553200 0.137500 0.091200 0.251000
12 0.495400 0.724500 0.104400 0.285000
12 0.418000 0.387000 0.096000 0.300000
12 0.449000 0.130500 0.091600 0.259000
12 0.351000 0.132000 0.094000 0.262000
12 0.377600 0.739500 0.092000 0.247000
12 0.276000 0.723000 0.097600 0.280000
12 0.302000 0.413500 0.095200 0.249000
12 0.251600 0.130500 0.102400 0.259000
12 0.192200 0.412000 0.085200 0.246000
12 0.176400 0.717500 0.094400 0.291000
12 0.081000 0.717500 0.103600 0.285000
12 0.088800 0.394500 0.102400 0.285000
12 0.144400 0.129500 0.086400 0.251000
