12 0.040200 0.126500 0.079600 0.251000
12 0.977800 0.141500 0.044400 0.251000
12 0.949800 0.448500 0.086000 0.249000
12 0.935200 0.739500 0.093600 0.247000
12 0.829200 0.740500 0.089600 0.249000
12 0.843200 0.459500 0.088800 0.221000
12 0.888600 0.137000 0.088400 0.252000
12 0.742600 0.451500 0.088400 0.247000
12 0.776600 0.139000 0.088400 0.248000
12 0.715200 0.736500 0.088800 0.247000
12 0.605800 0.740000 0.091600 0.254000
12 0.643600 0.446500 0.092800 0.251000
12 0.665600 0.139000 0.100000 0.246000
12 0.553200 0.137500 0.091200 0.251000
12 0.489000 0.738000 0.091600 0.258000
12 0.414400 0.411500 0.090400 0.251000
12 0.445600 0.151500 0.084800 0.217000
12 0.346400 0.139500 0.084800 0.247000
12 0.377600 0.739500 0.092000 0.247000
12 0.271400 0.752000 0.088400 0.222000
12 0.302000 0.413500 0.095200 0.249000
12 0.247000 0.136500 0.093200 0.247000
12 0.192200 0.412000 0.085200 0.246000
12 0.172600 0.741000 0.086800 0.244000
12 0.076000 0.735500 0.093600 0.249000
12 0.083800 0.412500 0.092400 0.249000
12 0.144400 0.129500 0.086400 0.251000
